0 0
0.51666667 31
1.1 66
3.91666667 235
4.63333333 278
5.21666667 313
5.68333333 341
6.15 369
6.5 390
6.78333333 407
7.08333333 425
7.4 444
7.73333333 464
8.01666667 481
9.26666667 556
9.43333333 566
9.61666667 577
9.78333333 587
9.96666667 598
10.16666667 610
10.36666667 622
10.56666667 634
10.93333333 656
11.35 681
11.66666667 700
12.5 750
13.53333333 812
14.2 852
14.55 873
14.8 888
15.08333333 905
15.43333333 926
15.66666667 940
15.81666667 949
16.0 960
16.18333333 971
16.41666667 985
16.65 999
16.91666667 1015
17.2 1032
17.6 1056
18.03333333 1082
18.31666667 1099
18.58333333 1115
18.85 1131
19.05 1143
19.2 1152
19.36666667 1162
19.51666667 1171
19.65 1179
19.83333333 1190
20.9 1254
21.21666667 1273
21.45 1287
21.71666667 1303
21.93333333 1316
22.1 1326
22.25 1335
22.36666667 1342
22.53333333 1352
22.91666667 1375
23.46666667 1408
24.28333333 1457
25.75 1545
27.16666667 1630
29.31666667 1759
29.9 1794
30.28333333 1817
30.65 1839
30.9 1854
31.38333333 1883
32.93333333 1976
33.7 2022
34.85 2091
35.16666667 2110
35.55 2133
35.65 2139
35.78333333 2147
35.98333333 2159
36.18333333 2171
36.43333333 2186
36.8 2208
37.25 2235
37.81666667 2269
39.18333333 2351
40.28333333 2417
41.0 2460
41.13333333 2468
41.35 2481
41.5 2490
41.75 2505
42.1 2526
44.2 2652
46.61666667 2797
47.3 2838
47.5 2850
47.71666667 2863
47.9 2874
48.03333333 2882
48.16666667 2890
48.35 2901
48.5 2910
48.63333333 2918
48.78333333 2927
48.96666667 2938
49.16666667 2950
49.33333333 2960
49.53333333 2972
49.83333333 2990
50.88333333 3053
