0 0 0 0 0 0 0 1
0.51666667 -0.0 0.0 0.0 -0.0021 0.0305 0.0406 0.9987
1.1 0.0001 -0.0001 0.0002 -0.0054 0.0793 0.0504 0.9956
3.91666667 -0.0004 -0.0008 0.0019 -0.0163 0.0981 0.0956 0.9904
4.63333333 -0.0005 -0.001 0.0024 -0.0224 0.1398 0.1232 0.9822
5.21666667 -0.0005 -0.0011 0.0027 -0.0304 0.1643 0.1654 0.972
5.68333333 -0.0004 -0.0011 0.0028 -0.0438 0.2012 0.1958 0.9588
6.15 -0.0004 -0.0012 0.003 -0.0521 0.235 0.2324 0.9424
6.5 -0.0004 -0.0012 0.003 -0.0608 0.2746 0.2566 0.9247
6.78333333 -0.0004 -0.0012 0.003 -0.0712 0.3154 0.2791 0.9042
7.08333333 -0.0004 -0.0013 0.0031 -0.0754 0.3452 0.3181 0.8797
7.4 -0.0004 -0.0013 0.0032 -0.0852 0.3777 0.3455 0.8549
7.73333333 -0.0004 -0.0013 0.0031 -0.0954 0.4093 0.3744 0.8265
8.01666667 -0.0004 -0.0013 0.0031 -0.1011 0.4377 0.4033 0.7972
9.26666667 0.0 -0.0014 0.0037 -0.0991 0.4381 0.3553 0.8197
9.43333333 0.0001 -0.0014 0.0038 -0.0929 0.4205 0.3148 0.8459
9.61666667 0.0002 -0.0014 0.0039 -0.0845 0.3899 0.278 0.8738
9.78333333 0.0002 -0.0014 0.004 -0.0784 0.3626 0.2422 0.8965
9.96666667 0.0003 -0.0014 0.0041 -0.0718 0.3391 0.2024 0.9159
10.16666667 0.0003 -0.0014 0.0042 -0.0619 0.2873 0.22 0.9302
10.36666667 0.0003 -0.0015 0.0042 -0.0701 0.2316 0.2542 0.9364
10.56666667 0.0003 -0.0015 0.0044 -0.0597 0.1921 0.2281 0.9526
10.93333333 0.0002 -0.0016 0.0047 -0.0454 0.1435 0.2203 0.9637
11.35 0.0002 -0.0017 0.0051 -0.0297 0.0993 0.1974 0.9748
11.66666667 0.0001 -0.0019 0.0054 -0.0132 0.061 0.1691 0.9836
12.5 -0.0001 -0.0021 0.0059 0.0043 0.0379 0.1227 0.9917
13.53333333 -0.0004 -0.0025 0.0066 -0.0049 0.0888 0.1401 0.9861
14.2 -0.0004 -0.0026 0.0069 -0.0164 0.1351 0.1534 0.9788
14.55 -0.0004 -0.0027 0.0071 -0.0283 0.1722 0.1827 0.9676
14.8 -0.0004 -0.0027 0.007 -0.0372 0.1966 0.2241 0.9538
15.08333333 -0.0004 -0.0027 0.0072 -0.0481 0.1986 0.2716 0.9405
15.43333333 -0.0004 -0.0028 0.0073 -0.0597 0.2334 0.3045 0.9215
15.66666667 -0.0004 -0.0028 0.0071 -0.0854 0.2766 0.2971 0.9099
15.81666667 -0.0004 -0.0027 0.007 -0.0943 0.3053 0.3381 0.8852
16.0 -0.0004 -0.0027 0.007 -0.1024 0.3422 0.3653 0.8597
16.18333333 -0.0004 -0.0027 0.0069 -0.1111 0.3763 0.3933 0.8315
16.41666667 -0.0004 -0.0027 0.0069 -0.126 0.4188 0.4011 0.8049
16.65 -0.0004 -0.0027 0.0068 -0.1404 0.452 0.4191 0.7748
16.91666667 -0.0004 -0.0027 0.0068 -0.1552 0.4835 0.4386 0.7414
17.2 -0.0004 -0.0027 0.0068 -0.1616 0.5133 0.4608 0.7057
17.6 -0.0003 -0.0027 0.0069 -0.1649 0.5398 0.4845 0.6683
18.03333333 -0.0001 -0.0026 0.007 -0.167 0.5661 0.5049 0.6299
18.31666667 -0.0001 -0.0026 0.007 -0.1693 0.5863 0.5317 0.5873
18.58333333 -0.0 -0.0025 0.0069 -0.1709 0.5984 0.5594 0.5474
18.85 -0.0001 -0.0026 0.0069 -0.1755 0.6146 0.5833 0.5012
19.05 -0.0001 -0.0026 0.0069 -0.1713 0.6243 0.6084 0.4591
19.2 -0.0001 -0.0026 0.0069 -0.1684 0.6382 0.6271 0.4136
19.36666667 -0.0001 -0.0026 0.0069 -0.1671 0.6536 0.6419 0.3644
19.51666667 -0.0002 -0.0028 0.0069 -0.1652 0.6626 0.658 0.3172
19.65 -0.0003 -0.0029 0.0069 -0.1643 0.6704 0.6716 0.2692
19.83333333 -0.0003 -0.003 0.0069 -0.1728 0.6813 0.6761 0.2209
20.9 0.0003 -0.0022 0.0069 -0.1684 0.6866 0.6547 0.2677
21.21666667 0.0005 -0.002 0.0069 -0.1651 0.6708 0.6487 0.3193
21.45 0.0007 -0.0017 0.007 -0.1496 0.6626 0.636 0.3662
21.71666667 0.0009 -0.0016 0.0072 -0.0673 0.6823 0.6425 0.3423
21.93333333 0.0011 -0.0015 0.0072 -0.0484 0.64 0.6732 0.3672
22.1 0.001 -0.0017 0.007 0.011 0.5852 0.7297 0.3535
22.25 0.001 -0.0017 0.0071 -0.0138 0.5924 0.7034 0.3925
22.36666667 0.0011 -0.0016 0.0071 -0.0443 0.5802 0.6907 0.4294
22.53333333 0.0014 -0.0015 0.0071 -0.0679 0.5238 0.7169 0.4551
22.91666667 0.0017 -0.0014 0.0073 -0.0266 0.4939 0.7359 0.4624
23.46666667 0.0021 -0.0012 0.0074 0.0185 0.4742 0.7448 0.4691
24.28333333 0.0025 -0.001 0.0076 0.0519 0.4493 0.7694 0.4511
25.75 0.0027 -0.0009 0.0077 0.064 0.4951 0.748 0.4374
27.16666667 0.0035 -0.0005 0.008 0.0624 0.5314 0.7082 0.4607
29.31666667 0.0039 -0.0005 0.0079 0.0131 0.5413 0.7018 0.4629
29.9 0.0041 -0.0005 0.0079 0.0219 0.5193 0.6864 0.5085
30.28333333 0.0043 -0.0004 0.008 0.0238 0.5099 0.6603 0.5509
30.65 0.0045 -0.0004 0.008 0.0388 0.4848 0.6454 0.5889
30.9 0.0047 -0.0004 0.0081 0.0444 0.4777 0.6118 0.6289
31.38333333 0.005 -0.0004 0.0083 0.0581 0.4617 0.5831 0.666
32.93333333 0.0057 -0.0006 0.0087 0.0688 0.4308 0.6198 0.6523
33.7 0.0062 -0.0006 0.009 0.0615 0.4319 0.6556 0.6164
34.85 0.0067 -0.0005 0.0093 0.077 0.4311 0.6178 0.6531
35.16666667 0.0069 -0.0005 0.0095 0.0919 0.4322 0.5803 0.6841
35.55 0.0069 -0.0005 0.0094 0.1091 0.3867 0.5721 0.715
35.65 0.0069 -0.0005 0.0093 0.1166 0.3393 0.5942 0.7199
35.78333333 0.0068 -0.0005 0.0092 0.1222 0.2826 0.616 0.7251
35.98333333 0.0069 -0.0005 0.0092 0.1425 0.236 0.6123 0.741
36.18333333 0.0069 -0.0005 0.0092 0.1642 0.222 0.5785 0.7675
36.43333333 0.0069 -0.0005 0.0092 0.1904 0.195 0.5515 0.7884
36.8 0.007 -0.0006 0.0093 0.2133 0.1713 0.5192 0.8097
37.25 0.007 -0.0007 0.0094 0.2351 0.1374 0.494 0.8257
37.81666667 0.0072 -0.0012 0.0097 0.2281 0.0874 0.4889 0.8374
39.18333333 0.0075 -0.0017 0.0101 0.2493 0.0627 0.4538 0.8532
40.28333333 0.0078 -0.0027 0.0107 0.2299 0.0241 0.4799 0.8463
41.0 0.0077 -0.0027 0.0105 0.2237 0.0766 0.4741 0.8481
41.13333333 0.0078 -0.0027 0.0104 0.1941 0.0896 0.4382 0.8731
41.35 0.0078 -0.0029 0.0105 0.1562 0.1102 0.477 0.8578
41.5 0.0077 -0.0029 0.0104 0.1464 0.0961 0.5191 0.8366
41.75 0.0077 -0.0028 0.0103 0.1309 0.0928 0.5628 0.8108
42.1 0.0076 -0.0027 0.0101 0.1076 0.0788 0.6006 0.7883
44.2 0.0079 -0.003 0.0106 0.0705 0.0749 0.6298 0.7699
46.61666667 0.0083 -0.0036 0.0116 0.0591 0.0761 0.6682 0.7377
47.3 0.0085 -0.0038 0.012 0.0465 0.0871 0.7065 0.7008
47.5 0.0085 -0.0039 0.012 0.0347 0.0982 0.7417 0.6626
47.71666667 0.0086 -0.0039 0.0121 0.0188 0.1009 0.7743 0.6245
47.9 0.0086 -0.0039 0.0122 0.0059 0.1098 0.8027 0.5861
48.03333333 0.0086 -0.0039 0.0121 -0.0222 0.1278 0.8223 0.5541
48.16666667 0.0086 -0.0039 0.0121 -0.0576 0.1441 0.8378 0.5234
48.35 0.0086 -0.0039 0.0121 -0.0822 0.1355 0.8634 0.4789
48.5 0.0086 -0.0039 0.0121 -0.0972 0.1332 0.8875 0.4303
48.63333333 0.0086 -0.0039 0.0121 -0.1309 0.155 0.8968 0.3932
48.78333333 0.0086 -0.0039 0.0121 -0.1643 0.171 0.9043 0.3551
48.96666667 0.0086 -0.004 0.0119 -0.201 0.1884 0.9069 0.3188
49.16666667 0.0086 -0.004 0.0119 -0.2293 0.2032 0.9102 0.2788
49.33333333 0.0086 -0.0039 0.012 -0.2547 0.215 0.913 0.2353
49.53333333 0.0086 -0.0039 0.0121 -0.2707 0.2322 0.9149 0.1893
49.83333333 0.0087 -0.0037 0.0122 -0.2976 0.2441 0.9111 0.1472
50.88333333 0.0087 -0.0031 0.0129 -0.3424 0.2554 0.8901 0.159
